21217
21508
21515
21525
21843
21867
21938
22023
22101
22147
22236
22306
22311
22317
22323
22328
22369
22384
22398
22404
22410
22417
22419
22429
22434
22439
22448
22475
22481
22487
22493
22499
22506
22512
22533
22540
22546
22564
22569
22574
22580
22586
22600
22635
22641
22648
22653
22675
22680
22685
22690
22696
22701
22706
22716
22723
22733
22740
22749
22758
22763
22771
22776
22781
22800
22822
22827
22832
22837
22844
22849
22895
22900
22905
22910
22962
22967
22972
23007
23012
23019
23024
23044
23049
23055
23131
23195
23349
23352
23355
23357
23362
23385
23454
23458
23466
23471
23474
23478
23489
23511
23516
23560
23605
23626
23629
25215
